01111111111111
00000000000000
01110110001111
00000000000000
01011010011111
00000000000000
00110000111110
00000000000000
00000000000000
00000000000000
11001111000010
00000000000000
10100101100001
00000000000000
10001001110001
00000000000000
10000000000001
00000000000000
10001001110001
00000000000000
10100101100001
00000000000000
11001111000010
00000000000000
00000000000000
00000000000000
00110000111110
00000000000000
01011010011111
00000000000000
01110110001111
00000000000000
01111111111111
00000000000000
01110110001111
00000000000000
01011010011111
00000000000000
00110000111110
00000000000000
00000000000000
00000000000000
11001111000010
00000000000000
10100101100001
00000000000000
10001001110001
00000000000000
10000000000001
00000000000000
10001001110001
00000000000000
10100101100001
00000000000000
11001111000010
00000000000000
00000000000000
00000000000000
00110000111110
00000000000000
01011010011111
00000000000000
01110110001111
00000000000000
01111111111111
00000000000000
01110110001111
00000000000000
01011010011111
00000000000000
00110000111110
00000000000000
00000000000000
00000000000000
11001111000010
00000000000000
10100101100001
00000000000000
10001001110001
00000000000000
10000000000001
00000000000000
10001001110001
00000000000000
10100101100001
00000000000000
11001111000010
00000000000000
00000000000000
00000000000000
00110000111110
00000000000000
01011010011111
00000000000000
01110110001111
00000000000000
01111111111111
00000000000000
01110110001111
00000000000000
01011010011111
00000000000000
00110000111110
00000000000000
00000000000000
00000000000000
11001111000010
00000000000000
10100101100001
00000000000000
10001001110001
00000000000000
10000000000001
00000000000000
10001001110001
00000000000000
10100101100001
00000000000000
11001111000010
00000000000000
00000000000000
00000000000000
00110000111110
00000000000000
01011010011111
00000000000000
01110110001111
00000000000000
